14 72
1 2 0
1 3 1
1 4 1
1 5 1
1 6 1
1 7 1
1 8 0
1 9 1
1 10 0
1 11 0
1 12 1
1 13 1
1 14 1
2 3 1
2 4 1
2 5 1
2 6 1
2 7 1
2 8 1
2 9 1
2 10 0
2 11 1
2 12 1
2 13 1
2 14 1
3 4 1
3 5 1
3 6 1
3 7 1
3 8 1
3 9 1
3 10 1
3 11 1
3 12 1
3 13 1
3 14 0
4 5 1
4 6 0
4 7 0
4 8 1
4 9 0
4 10 1
4 11 1
4 12 1
4 13 0
4 14 1
5 6 1
5 7 1
5 8 0
5 9 1
5 10 0
5 11 1
5 12 1
5 13 1
5 14 1
6 7 1
6 8 1
6 9 1
6 10 0
6 11 1
6 12 1
6 13 1
6 14 1
7 8 1
7 9 1
7 10 1
7 11 1
7 12 1
7 13 1
7 14 1
8 9 1
8 10 1
8 11 0
8 12 0
8 13 1
8 14 1
9 10 0
9 11 1
9 12 0
9 13 1
9 14 1
10 11 1
10 12 1
10 13 1
10 14 0
11 12 0
11 13 1
11 14 1
12 13 1
12 14 1
13 14 1
